41.79899201	123.3630842	218	217	202	
41.78977546	123.3576545	157	156	131	
41.78376717	123.3759888	96	95	17	
41.77497773	123.3455154	35	27	34	
41.80136333	123.3502917	223	222	214	
41.78939122	123.3725528	162	161	141	
41.78250849	123.3262462	101	53	100	
41.77461355	123.3291463	40	31	39	
41.80090272	123.3769523	228	206	227	
41.79315714	123.346058	167	153		
41.7853445	123.3423997	106	105	85	
41.77774057	123.3498071	45	36	44	
41.80267692	123.3351649	233	232	211	
41.79288415	123.3628553	172	171	159	
41.78536042	123.3574635	111	110	90	
41.7755045	123.3269444	50	49		
41.80298399	123.36313	238	237	225	
41.79141681	123.3149348	177	143		
41.78508957	123.3723991	116	96	115	
41.77792397	123.3337142	55	54	41	
41.804144	123.3634046	243	238
41.79459032	123.3414353	182	181		
41.78448414	123.3247719	121	120	101	
41.77920792	123.3497837	60	45	59	
41.8059181	123.3559899	248	237		
41.79424909	123.3602007	187	186	171	
41.78762276	123.3418228	126	125	106	
41.7789394	123.3626557	65	64	12	
41.76215862	123.3380343	4	0		
41.80871562	123.3681646	253	252	244	
41.79592109	123.3462411	192	183		
41.78766259	123.3575383	131	129	111	
41.78066024	123.3398784	70	69	57	
41.77042841	123.3550682	9	8		
41.80919323	123.3262399	258	257	232	
41.7976101	123.3463097	197	192		
41.78742361	123.3724846	136	135	116	
41.78094704	123.3553482	75	74	62	
41.76916942	123.3800821	14	13	11	
41.81185415	123.3617569	263	262	252	
41.79732007	123.3630384	202	201	188	
41.78841313	123.372506	141	140	136	
41.78072397	123.3695786	80	16	79	
41.78336029	123.3850695	19	18		
41.75870235	123.3099672	-1
41.79615995	123.3136533	207	177		
41.7857408	123.3218845	146	145	120	
41.78289088	123.3429553	85	71	84	
41.76871159	123.333277	24	21		
41.79940146	123.3414811	212	211	182	
41.78919911	123.3383757	151	150	125	
41.78293867	123.3573781	90	89	76	
41.77191624	123.3523444	29	28	9	
41.7991285	123.3602923	217	216	201	
41.78977546	123.3555931	156	155	130	
41.7827156	123.372335	95	94		
41.77469161	123.3414104	34	26	33	
41.80146568	123.3464013	222	213		
41.78951347	123.3695779	161	160	140	
41.78177557	123.3245796	100	52	99	
41.77298885	123.3250001	39	30		
41.80090272	123.3728789	227	226	221	
41.78935628	123.3850384	166	165	19	
41.7848984	123.3389382	105	104	84	
41.77774057	123.3454501	44	35	43	
41.80192631	123.3279791	232	231	210	
41.79288415	123.360155	171	170	158	
41.78537635	123.3554764	110	109	89	
41.77496295	123.3254452	49	48		
41.80298399	123.3559442	237	236	224	
41.79346425	123.3775473	176	175	163	164
41.78512143	123.3697069	115	114	94	
41.7773213	123.3317465	54	41	53	
41.80233573	123.3852823	242	241	166	
41.79418084	123.3371787	181	151	180	
41.78384683	123.3231694	120	119	100	
41.77927779	123.3457195	59	44	58	
41.80748745	123.3770896	247	246	241	
41.79431733	123.3556696	186	185	170	
41.78727226	123.3384255	125	124	105	
41.77909874	123.359878	64	63		
41.76255926	123.379545	3	2		
41.80803331	123.3633588	252	251	249	
41.79404435	123.37265	191	190	175	176
41.78770241	123.3555512	130	129	110	
41.78015036	123.3363742	69	68	56	
41.7677673	123.3517689	8	7		
41.808238	123.3195575	257	256	230	
41.79547751	123.3767692	196	195	176	
41.78746344	123.3697069	135	134	115	
41.78110637	123.3526559	74	73	61	
41.76974169	123.3724859	13	12	10	
41.81089896	123.3560815	262	261	251	
41.79735419	123.3603152	201	200	187	
41.7884306	123.3696481	140	135		
41.78081957	123.365348	79	78	66	
41.78278811	123.38154	18	15	17	
41.81137656	123.3859231	267	242	266	
41.79781483	123.3774558	206	205	196	
41.78518187	123.3201042	145	144	119	
41.78247663	123.3394938	84	70	83	
41.76773871	123.3430217	23	22	6	
41.79916262	123.3361718	211	210	181	
41.78891966	123.334534	150	149	124	
41.78297053	123.3554123	89	88	75	
41.77203073	123.3496204	28	27	8	
41.79916262	123.3557611	216	215	200	
41.78989772	123.352993	155	154	129	
41.78262001	123.3696	94	93	80	
41.77417661	123.3377274	33	32		
41.79885553	123.3727415	221	220	205	206
41.78964446	123.3656073	160	159	134	
41.78110637	123.3230411	99	98	50	
41.77480574	123.3550543	38	37	9	
41.80093684	123.3700412	226	225	220	
41.78937375	123.3807282	165	164	139	
41.78448415	123.335434	104	103	83	
41.77732132	123.3407651	43	34	42	
41.801551	123.3251414	231	230	209	
41.79298652	123.3556238	170	169	156	
41.78544008	123.3528482	109	108	88	
41.77436898	123.3239928	48	39		
41.80312046	123.3502688	236	235	223	
41.79267941	123.3725127	175	174	162	
41.7852011	123.3654548	114	113	93	
41.77674482	123.3302239	53	52		
41.80260868	123.3777304	241	240	228	
41.79325951	123.3300387	180	179	149	
41.78324139	123.3215668	119	118	99	
41.77924285	123.3437284	58	44	57	
41.80677101	123.3746638	246	245		
41.79435146	123.3531065	185	184	169	
41.78676244	123.3349854	124	123	104	
41.77916248	123.3572285	63	62		
41.76052744	123.3699922	2	1		
41.8075898	123.3559899	251	250	248	
41.79404435	123.3698581	190	189	174	
41.78777411	123.3529444	129	128	109	
41.77979983	123.3331691	68	67	55	
41.76567841	123.3473953	7	6	1	
41.80718041	123.3110444	256	229		
41.79540926	123.37265	195	194	191	
41.78752717	123.365551	134	133	114	
41.78110637	123.3498782	73	72	60	
41.77414803	123.3622041	12	9		
41.81079662	123.3504519	261	260	250	
41.79745656	123.355784	200	199	186	
41.78734395	123.3808498	139	138	18	
41.78085144	123.3627412	78	77	65	
41.78187266	123.3775501	17	16	14	
41.81202472	123.3781881	266	265	255	
41.79714946	123.3727644	205	204	195	
41.78451813	123.3185582	144	143	118	
41.78209423	123.3359469	83	69	82	
41.76705196	123.338955	22	21	5	
41.79817312	123.3288487	210	209	180	
41.7883782	123.3311843	149	148	123	
41.7830024	123.3527414	88	87	74	
41.77168738	123.345784	27	26	7	
41.79916262	123.3532438	215	214	199	
41.78989777	123.3499945	154	153	128	
41.78277934	123.3654121	93	92	79	
41.77380469	123.3345814	32	25	31	
41.79892377	123.3699954	220	219	204	
41.78967939	123.3627963	159	158	133	
41.78050093	123.3214172	98	97	49	
41.77501541	123.3525244	37	29	36	
41.80097095	123.3631071	225	224	218	
41.78933882	123.3780343	164	163	138	
41.78403804	123.332229	103	82	102	
41.77676231	123.3371576	42	33	41	
41.80107333	123.321251	230	208	229	
41.79302065	123.3530607	169	168	155	
41.78548788	123.3499423	108	107	87	
41.7776707	123.3551012	47	38	46	
41.8031887	123.3464241	235	234	222	
41.79267941	123.3697665	174	173	161	
41.78524889	123.3626557	113	112	92	
41.77620328	123.3286778	52	51		
41.80271104	123.3729246	240	239	227	
41.7929524	123.3274299	179	178		
41.78265187	123.3199429	118	117	98	
41.7787974	123.3403786	57	43	56	
41.80625927	123.3731077	245	244	240	
41.79445383	123.3501315	184	183	168	
41.78633228	123.3316948	123	122	103	
41.77913091	123.3553186	62	47	61	
41.75923754	123.3487311	1	0
41.80728276	123.3504976	250	236		
41.79418084	123.3657846	189	188	173	
41.78779004	123.3500064	128	127	108	
41.77925808	123.3305196	67	54		
41.76516333	123.3437123	6	5		
41.81018256	123.3778677	255	254	247	
41.79544338	123.3698581	194	190		
41.78756699	123.3627519	133	132	113	
41.78117011	123.3459039	72	71	59	
41.76550675	123.3787777	11	10	3	
41.81089896	123.3464699	260	259	235	
41.79750774	123.353198	199	185	198	
41.78738379	123.37804	138	137		
41.78097891	123.359878	77	76	64	
41.77895456	123.3692633	16	12	13	
41.81250231	123.374435	265	264	254	
41.79718358	123.3699496	204	194	203	
41.78395918	123.3170121	143	117		
41.78167997	123.3327845	82	68	81	
41.7657929	123.335272	21	20	4	
41.79783191	123.3261483	209	208	179	
41.78696344	123.3249064	148	147	122	
41.78305021	123.3498782	87	86	73	
41.77111513	123.3420242	26	23		
41.79919674	123.3502688	214	213	198	
41.79000253	123.3461528	153	152	127	
41.78282713	123.3626771	92	91	78	
41.77225963	123.3308984	31	24	30	
41.79895789	123.3658761	219	218	203	
41.78971432	123.3601376	158	157	132	
41.77986359	123.3201352	97	48		
41.77494553	123.349526	36	28	35	
41.80120979	123.3559213	224	223	216	
41.78937375	123.3766991	163	162	142	
41.78298648	123.3277419	102	101	81	
41.77623823	123.3335033	41	40	32	
41.79994738	123.3128294	229	207		
41.79305477	123.3501315	168	167	154	
41.78553569	123.3459466	107	106	86	
41.77774057	123.3525244	46	37	45	
41.80335929	123.3415268	234	233	212	
41.79274766	123.365693	173	172	160	
41.78529669	123.3600276	112	111	91	
41.77594124	123.3281156	51	40	30	
41.8028134	123.3700869	239	238	226	
41.79240642	123.3233106	178	148		
41.78206237	123.3184258	117	97		
41.77830828	123.3367829	56	42	55	
41.8055087	123.3700869	244	243	239	
41.79455619	123.3462411	183	167	182	
41.7850577	123.3262462	122	121	102	
41.7791614	123.3525783	61	46	60	
41.75863372	123.335281	0			
41.80584987	123.3632215	249	248	243	
41.79421497	123.3629469	188	187	172	
41.78787766	123.3460001	127	107	126	
41.77890753	123.365177	66	16	65	
41.76378977	123.341372	5	4		
41.80970495	123.3744808	254	253	246	
41.79581873	123.3501772	193	192	184	
41.78760682	123.3600703	132	131	112	
41.78097891	123.3434253	71	70	58	
41.76550672	123.3714501	10	9		
41.80997787	123.3329222	259	258	233	
41.79754186	123.3502459	198	197	193	
41.78727226	123.3765016	137	96	136	
41.78097891	123.3573567	76	75	63	
41.77008505	123.3844557	15	14	3	
41.81267287	123.3672034	264	263	253	
41.79726889	123.3658304	203	202	189	
41.7882734	123.3767225	142	141	137	
41.78091517	123.3293231	81	67		
41.76441935	123.3312821	20	0		
41.79725184	123.3221664	208	207	178	
41.78636958	123.3235009	147	146	121	
41.78311394	123.3458184	86	85	72	
41.77002783	123.3367299	25	24	22	
41.7992991	123.3462868	213	212	197	
41.78965322	123.3412336	152	151	126	
41.78289087	123.3599635	91	90	77	
41.77054284	123.32664	30	20		
