200
162 18 192 368 455 229 78 393 19 101 418 232 14 68 328 138 121 16 234 251 61 38 221 278 126 369 34 158 494 472 67 392 115 172 46 156 239 312 15 329 164 279 396 284 139 372 204 32 213 8 466 370 146 150 194 120 89 52 75 66 153 310 171 
201
405 329 164 279 396 284 139 372 32 204 213 8 466 370 146 120 150 194 297 320 311 475 469 457 92 31 442 41 219 
202
406 60 178 23 226 98 301 149 100 38 61 79 262 128 346 281 350 87 177 336 36 248 483 265 375 267 135 83 127 315 163 105 382 6 112 197 371 45 190 123 448 493 57 40 295 
329 164 279 396 284 372 139 32 204 213 8 466 120 370 146 150 194 297 89 52 75 66 153 310 171 
203
52 89 297 194 150 146 370 466 8 213 204 139 32 372 396 284 279 164 117 329 15 312 472 239 156 46 172 115 392 67 494 158 34 369 126 221 100 149 301 107 98 226 23 178 461 
329 117 164 279 284 396 372 32 139 204 213 8 466 370 146 150 194 297 89 52 416 75 66 153 310 171 
329 117 164 279 284 396 372 32 139 204 213 8 466 370 146 150 194 297 233 320 311 475 469 457 92 31 442 41 219 
23 226 98 107 301 149 100 38 61 79 262 128 346 281 350 87 177 336 36 248 483 265 375 267 135 83 127 315 163 105 382 6 112 197 371 45 190 123 448 493 57 40 295 
204
222 273 257 287 78 237 229 368 192 458 113 147 143 309 
329 164 117 284 279 372 396 32 139 120 204 213 8 466 370 146 150 297 194 233 89 416 52 75 66 153 310 171 
329 164 117 284 279 372 396 32 139 120 204 213 8 466 370 146 150 297 194 233 320 311 475 469 457 92 31 442 41 219 
23 226 98 107 301 149 100 38 61 79 262 128 346 281 350 87 177 336 36 248 483 265 375 267 135 83 127 315 163 105 382 6 112 197 371 45 190 123 448 493 57 40 295 
396 372 279 284 117 164 329 15 312 472 239 156 46 172 115 278 392 67 494 158 34 369 126 221 100 149 301 107 98 226 23 178 461 
205
39 205 335 452 269 82 400 184 355 220 414 281 346 350 87 177 336 36 248 483 265 375 267 135 83 127 315 163 105 382 6 112 197 371 45 190 123 448 77 493 57 40 295 17 145 13 11 72 367 337 411 460 86 154 214 423 142 147 113 458 192 368 229 237 78 287 455 257 273 51 193 93 114 266 166 228 
329 164 117 284 372 279 396 32 139 120 204 213 8 466 370 297 146 150 194 233 89 320 311 475 469 457 92 31 442 41 219 
23 226 98 301 131 149 100 221 61 79 262 128 414 281 346 350 87 177 336 36 248 483 265 375 267 135 83 127 315 163 105 382 6 112 197 371 45 190 123 448 77 493 57 40 295 
396 279 372 284 117 164 329 312 15 472 239 156 46 172 115 392 67 494 158 34 369 126 221 100 149 131 301 98 226 23 178 461 
222 273 257 455 287 78 237 229 368 192 458 143 309 
206
307 250 205 335 452 269 82 400 184 355 220 414 281 346 350 87 177 336 36 248 483 265 375 267 135 83 127 315 163 105 382 6 112 197 371 190 45 88 
396 32 279 372 117 284 164 329 312 15 472 278 239 156 46 172 115 392 67 494 158 34 369 126 221 100 149 107 301 98 226 23 178 461 
222 51 257 455 287 78 237 368 229 192 458 143 309 
414 281 346 350 87 177 336 36 248 483 265 375 267 135 83 127 315 163 105 382 6 112 197 371 190 45 123 448 77 493 57 40 295 17 145 13 11 72 44 367 337 411 460 86 154 214 423 142 147 113 458 192 229 368 237 78 287 455 257 51 273 193 93 114 166 228 
207
436 232 14 138 68 16 328 251 38 234 256 
222 51 257 455 287 78 237 368 192 229 458 151 347 143 309 
414 281 346 350 87 177 336 36 248 483 265 375 267 135 83 127 315 163 105 382 6 112 197 371 190 45 123 448 77 493 57 40 295 17 145 13 72 11 367 337 411 460 86 154 214 423 142 147 113 458 229 192 368 237 78 287 455 257 51 273 193 93 114 166 228 
414 281 346 350 87 177 336 36 248 483 265 375 267 135 83 127 315 163 105 382 6 112 197 371 190 45 123 88 
208
31 442 41 219 155 160 327 
414 346 350 87 177 336 36 248 483 265 375 267 135 83 127 315 163 105 382 6 112 197 371 190 45 123 448 77 493 57 40 295 17 145 13 72 11 367 44 337 411 460 86 154 214 423 142 147 113 458 229 192 237 368 78 393 287 257 455 51 273 193 266 166 228 
414 346 350 87 177 336 36 248 483 265 375 267 135 83 127 315 163 105 382 6 112 197 371 190 45 123 88 
209
344 327 160 155 219 325 
414 350 87 177 336 36 248 483 265 375 267 135 83 127 315 163 105 382 6 112 197 371 190 45 123 88 
287 393 78 368 192 237 229 458 151 347 143 309 
210
13 72 367 11 337 411 460 86 154 214 423 142 147 113 458 
287 393 78 368 192 237 229 458 151 347 143 309 
211
221 328 38 68 251 16 14 121 173 227 436 181 174 481 209 294 479 76 380 292 84 268 26 455 51 30 280 
287 78 368 192 237 229 458 151 347 143 309 
248 483 265 375 267 135 83 127 315 163 105 382 6 112 197 371 190 45 123 88 
212
210 95 439 209 481 479 294 76 380 292 84 268 26 455 
248 483 265 375 267 135 83 127 315 163 105 382 6 112 197 371 190 45 123 88 
213
398 29 316 311 320 89 370 150 466 8 213 194 204 139 396 279 233 117 297 312 120 32 164 372 278 15 472 239 156 46 172 115 392 67 494 158 34 369 100 149 107 301 332 
248 483 265 375 267 135 83 127 315 163 105 382 6 112 197 371 190 45 123 88 
458 229 151 143 347 309 
214
383 142 423 214 154 86 460 44 411 11 337 367 72 13 145 17 295 40 57 493 448 45 123 190 371 197 112 6 382 105 163 315 127 83 135 267 375 265 483 248 36 336 177 414 350 220 128 281 
215
65 327 160 155 219 41 457 442 469 31 92 69 5 250 205 335 400 452 185 82 269 184 355 350 220 177 336 87 36 248 483 265 375 267 135 83 127 315 163 105 382 6 112 197 371 190 123 45 448 493 77 57 40 295 17 145 13 72 367 337 11 44 460 86 154 214 423 142 147 113 458 237 192 368 257 78 287 393 26 51 30 64 74 286 270 449 
83 127 315 163 105 382 6 112 197 371 190 123 45 448 88 
83 135 267 375 265 483 248 36 87 336 177 220 350 355 128 281 
216
239 156 46 172 115 392 67 234 494 158 34 369 262 61 328 126 221 68 14 38 16 121 173 
83 127 315 163 105 382 6 112 197 371 190 123 45 448 88 
83 135 267 375 265 483 248 36 87 336 177 220 350 355 128 281 
355 350 220 177 336 87 36 248 483 265 375 267 135 83 127 315 163 105 382 6 112 197 371 190 123 45 448 493 77 57 40 295 17 145 13 72 367 337 11 460 86 154 214 423 142 147 113 458 237 192 368 257 78 287 393 26 51 74 30 175 286 270 449 
217
334 488 386 50 21 28 35 96 124 493 88 187 232 16 14 221 126 68 328 262 369 34 158 494 67 392 234 115 172 46 156 239 79 372 472 32 15 278 164 120 297 233 312 194 117 279 396 139 204 213 150 416 52 12 54 249 106 
83 127 315 163 105 382 6 112 197 371 190 123 45 448 88 
83 135 267 375 265 483 248 36 87 336 220 177 350 355 128 281 
355 350 177 220 336 87 36 248 483 265 375 267 135 83 127 315 163 105 382 6 112 197 371 190 123 45 448 493 57 40 295 17 145 13 72 367 337 11 460 86 154 214 423 142 147 113 458 192 368 257 78 287 393 26 51 74 30 175 286 270 449 
218
454 421 98 178 23 107 149 100 369 262 328 68 126 14 221 16 232 187 88 57 124 96 35 28 21 50 49 
355 177 336 220 87 36 248 483 265 375 267 135 83 127 315 163 105 382 6 112 197 371 190 123 45 448 57 493 77 40 295 17 145 13 72 367 337 11 44 86 154 214 423 142 147 113 237 458 192 368 257 78 287 393 51 74 30 175 286 270 449 
88 187 232 16 221 14 126 68 328 262 369 34 158 494 67 392 115 172 46 156 239 372 79 32 472 15 278 164 120 297 233 194 312 117 279 396 139 204 213 150 416 52 12 54 249 106 
219
476 421 454 148 215 240 111 
88 187 232 16 221 126 14 68 61 328 369 34 158 494 67 392 115 172 46 156 239 372 79 32 472 15 278 120 164 297 233 194 312 117 279 396 139 204 150 416 52 12 54 249 106 
88 57 493 124 96 35 28 21 50 49 
220
194 233 297 164 120 284 403 
88 40 124 96 35 28 21 50 49 
57 295 17 145 13 72 367 337 11 86 154 214 423 142 147 113 237 458 257 192 368 78 287 393 51 74 30 286 175 270 449 
221
10 203 217 394 411 44 154 20 460 19 481 439 479 294 
88 40 124 96 35 28 21 50 49 
57 17 145 13 72 367 337 86 11 154 214 423 142 147 113 237 458 257 192 368 78 287 26 51 74 286 30 175 270 449 
222
99 23 107 149 100 34 158 328 494 67 392 115 172 46 156 239 372 32 234 120 472 79 15 278 329 
57 13 72 367 337 86 11 154 44 214 423 142 147 113 237 458 257 192 368 78 287 26 51 74 286 30 175 270 449 
223
296 385 
57 13 145 17 77 493 295 40 45 448 123 190 371 197 112 6 382 105 163 315 127 83 220 135 267 375 265 483 248 87 36 414 211 141 144 346 157 386 91 27 50 21 49 
224
72 13 145 17 493 295 45 40 448 123 190 371 197 112 6 382 105 163 315 220 127 83 135 267 375 265 483 248 36 355 336 128 350 281 262 61 369 34 100 149 
225
258 122 151 143 229 347 4 357 394 44 214 11 154 86 337 57 367 72 13 145 77 17 493 295 45 40 448 123 190 371 197 112 6 382 105 220 163 315 127 83 135 267 375 265 483 87 248 36 355 336 128 350 281 262 61 369 34 158 68 494 67 
226
25 155 219 161 469 457 276 188 379 55 108 24 152 334 488 
227
135 267 375 265 483 87 248 355 336 184 269 177 82 185 452 400 250 5 69 335 205 92 31 475 291 134 349 
228
287 78 368 192 458 237 113 147 142 423 44 11 214 154 86 57 337 367 72 13 77 145 493 17 45 295 40 448 220 123 190 371 197 112 6 382 105 163 315 127 83 135 267 375 265 483 87 248 355 336 184 269 177 82 185 452 400 146 250 5 69 335 205 92 31 442 41 219 161 
229
19 101 251 221 126 138 121 16 61 14 34 494 67 392 115 172 46 156 239 372 32 120 297 328 278 472 234 15 284 140 58 
230
274 346 414 144 141 211 248 483 265 375 267 135 83 127 315 163 105 382 6 112 197 371 190 123 448 40 295 17 45 145 493 13 72 367 337 86 57 154 214 11 20 439 460 19 101 479 294 436 84 268 393 76 26 380 286 351 
231
361 98 178 408 
232
114 266 64 30 286 26 292 287 418 78 74 368 192 458 237 113 147 142 423 44 11 214 57 154 86 337 220 367 72 77 13 493 124 96 238 
233
220 337 367 72 13 493 45 145 17 295 40 448 123 190 371 197 112 6 382 105 163 315 127 83 135 267 375 265 87 483 36 336 262 369 350 61 34 14 67 494 392 115 172 46 156 239 372 32 120 297 278 68 472 328 15 284 140 226 58 90 183 301 
234
472 68 278 297 120 32 372 239 156 46 
235
70 317 444 81 3 62 231 37 10 217 394 44 11 57 214 154 220 86 337 367 13 493 72 45 145 17 295 40 448 123 190 371 197 112 6 382 105 163 315 127 83 135 267 483 375 87 128 36 336 262 369 61 
236
453 107 149 158 281 100 67 34 61 369 336 36 262 87 375 267 483 135 83 127 315 163 105 382 6 112 197 371 190 123 448 40 295 17 145 45 367 493 13 77 337 86 154 220 214 57 11 44 423 142 147 113 237 458 192 
237
119 9 208 478 94 2 66 153 301 183 90 118 412 
238
243 258 257 122 151 143 229 347 4 357 394 44 11 57 220 214 154 86 77 337 13 493 367 45 145 17 295 40 448 123 190 371 197 112 6 382 105 163 483 315 127 83 135 267 87 262 36 336 369 61 34 67 14 392 494 115 172 46 156 239 350 372 32 120 297 278 472 15 68 164 194 328 234 79 233 150 416 139 12 
90 118 412 
239
33 109 130 56 211 248 355 265 267 135 83 127 315 163 105 483 382 6 112 197 371 190 123 448 40 295 17 145 45 337 493 13 77 86 154 214 220 57 11 20 460 19 101 174 181 209 95 210 148 215 
240
23 107 158 281 100 392 494 115 172 46 156 239 372 32 120 297 278 350 472 15 68 164 194 328 234 79 233 150 279 169 320 
241
308 54 324 373 106 119 9 
242
443 177 269 184 267 135 265 87 83 127 315 163 105 382 6 112 197 371 190 123 448 40 295 17 145 45 86 88 187 337 367 72 16 121 138 126 221 174 181 354 
243
112 6 382 105 163 315 127 83 265 135 267 184 269 
244
73 263 104 230 168 70 317 444 62 81 3 37 10 217 203 47 189 411 35 96 124 493 232 187 337 367 72 16 121 
245
240 98 178 23 281 107 149 100 115 494 172 46 156 239 372 32 120 297 278 350 472 15 164 194 68 328 234 79 233 279 89 
444 62 81 3 37 10 217 203 47 189 411 35 96 124 493 232 187 337 367 72 16 121 
246
348 108 276 188 469 334 488 379 146 466 204 179 69 5 312 169 279 233 79 234 328 68 194 164 15 350 472 278 297 120 32 372 239 156 46 172 494 115 100 149 131 136 158 272 173 227 181 209 294 84 268 393 436 26 286 30 175 270 216 
247
464 148 210 95 209 294 84 268 393 481 78 368 
248
162 74 292 192 458 237 113 147 142 439 394 357 217 203 47 189 35 96 124 214 45 154 86 145 17 295 40 448 123 190 371 197 112 6 382 105 163 315 127 87 262 267 375 34 61 115 36 172 494 46 156 239 372 32 120 297 278 14 472 15 350 164 194 68 328 234 233 150 416 139 12 75 66 153 310 171 
393 251 481 78 368 
249
405 284 194 68 328 234 233 279 169 312 5 69 400 92 31 442 41 219 
250
406 240 98 178 118 281 107 149 172 61 375 34 267 262 87 127 315 163 105 382 6 112 197 371 190 123 448 40 295 
251
52 139 416 150 233 328 68 350 194 164 15 472 14 336 278 297 36 120 32 372 239 156 494 100 172 149 107 281 118 178 98 461 
252
222 286 193 436 287 418 78 368 192 458 151 143 229 347 309 
107 23 281 98 461 
253
39 206 80 41 442 31 92 400 69 5 234 169 279 233 328 68 350 194 164 15 14 472 336 36 278 297 120 32 372 239 494 156 46 115 392 67 16 121 138 101 19 221 251 481 418 287 254 76 129 93 288 380 180 455 166 228 
254
307 250 452 116 177 135 269 184 127 265 315 87 163 105 382 6 112 197 371 190 123 448 40 295 17 145 86 154 214 483 88 
41 442 31 92 400 69 5 234 169 279 328 233 68 350 194 164 14 15 472 336 36 278 297 120 32 372 239 494 156 61 46 115 392 67 16 121 138 101 19 221 251 481 418 287 254 76 129 247 93 288 180 380 455 166 228 
255
436 287 418 481 251 221 19 101 138 121 16 67 392 115 46 256 
256
31 442 41 219 457 161 276 488 334 348 42 327 
257
344 348 334 488 276 325 
258
13 77 57 11 44 423 220 142 147 113 237 458 
259
221 481 418 251 287 436 193 286 30 280 
260
210 95 209 294 84 268 393 26 286 51 93 288 455 
261
398 29 117 370 316 396 79 320 169 279 233 350 14 336 194 164 36 15 472 375 278 297 267 120 494 32 100 239 149 172 107 332 
262
383 220 142 423 44 11 57 77 13 493 45 483 214 154 86 145 17 295 40 448 123 190 371 197 112 6 382 105 87 262 127 83 61 32 100 239 149 172 107 23 178 98 240 281 
263
65 488 71 348 27 276 188 360 379 146 466 312 469 319 69 5 234 68 169 279 233 350 14 336 194 164 36 15 472 375 267 278 297 494 120 100 32 372 156 46 67 16 115 121 158 38 173 227 181 209 294 126 84 268 393 26 286 30 175 270 449 
264
239 149 131 172 136 272 173 
126 84 268 393 26 286 30 175 270 449 
265
334 202 176 488 65 327 335 160 155 205 219 41 442 31 92 311 79 316 249 431 106 
136 172 272 173 
266
454 421 240 281 98 178 23 107 239 149 100 120 61 83 127 315 262 87 382 6 112 197 371 190 123 448 40 295 17 145 86 154 214 483 45 124 96 35 28 355 411 21 49 
267
476 421 454 111 
268
194 284 403 
269
10 217 357 394 44 20 460 19 101 479 294 
270
99 23 239 107 149 100 494 127 315 262 128 184 269 105 163 177 82 185 329 
394 44 20 460 19 101 479 294 
271
296 385 
272
72 367 16 67 372 32 120 297 61 100 149 
273
258 257 102 247 424 180 162 110 18 292 221 254 287 418 481 393 268 84 126 294 209 181 174 392 115 46 156 138 158 121 372 67 
274
25 160 327 335 65 488 
275
135 33 303 234 469 319 39 206 161 457 219 205 155 349 
276
287 418 481 393 268 126 84 294 209 181 174 392 115 46 156 372 138 158 121 32 67 120 297 61 494 278 127 83 472 15 164 194 267 375 36 336 233 279 169 350 5 69 400 92 31 442 41 205 219 457 161 
277
19 101 392 115 46 156 372 138 32 16 67 120 297 61 315 494 278 127 83 472 15 284 140 226 58 
278
274 91 386 132 445 471 50 21 49 411 10 37 263 62 414 444 317 70 170 151 458 192 368 78 418 287 193 351 
279
361 98 281 408 
280
114 266 273 64 30 286 26 393 126 19 101 392 115 46 156 372 32 138 367 72 337 187 232 493 124 96 238 
281
220 142 423 20 460 19 101 115 46 156 372 32 138 120 16 67 297 61 494 278 315 127 472 15 83 164 194 267 375 36 233 150 416 328 139 12 75 66 153 301 
282
472 315 278 494 61 297 67 16 367 120 138 32 372 156 46 
283
70 170 151 458 192 368 78 481 126 392 101 115 46 156 372 32 138 158 121 297 67 61 
284
453 107 131 136 172 272 173 38 158 138 32 372 156 46 115 101 19 392 126 481 78 368 192 
285
119 9 208 478 94 2 66 153 301 183 90 239 118 412 
286
243 436 180 192 368 78 481 126 392 19 115 101 46 156 372 32 297 138 158 121 16 67 61 494 278 315 472 15 164 194 127 83 267 233 375 150 416 328 139 12 
287
33 109 105 116 382 177 6 112 269 184 371 265 190 123 448 40 295 17 145 86 154 214 483 88 187 120 337 72 367 138 297 32 372 156 46 174 181 209 95 210 148 215 
288
23 107 149 100 494 278 472 315 15 164 194 127 83 267 233 279 375 89 213 320 
289
308 54 324 373 106 478 208 9 
290
443 177 112 197 269 184 128 262 87 123 448 40 295 17 145 86 154 214 483 88 187 120 337 72 367 138 297 32 372 156 101 46 174 181 354 
291
112 197 371 269 
292
73 230 414 168 70 170 151 458 192 368 78 481 126 392 115 19 156 101 372 32 297 138 158 121 
293
240 98 281 99 23 107 149 100 494 278 472 15 164 194 315 127 83 233 279 267 89 
294
348 231 335 276 188 3 379 234 146 312 466 350 469 179 163 382 6 452 116 177 112 197 371 269 184 190 123 265 448 40 295 17 145 86 154 214 483 88 187 120 337 72 367 138 297 32 372 101 156 115 126 393 26 286 30 175 270 216 
278 472 15 164 194 315 127 83 233 279 267 89 
295
464 148 210 95 209 181 174 46 156 115 126 392 481 78 368 
120 337 72 367 138 297 32 101 19 156 115 126 392 481 418 287 193 286 30 175 270 216 
296
162 110 18 292 221 254 287 418 481 392 126 115 156 19 101 32 297 138 158 121 16 67 61 494 278 472 15 164 194 315 127 83 233 150 416 375 328 139 12 75 36 66 153 310 171 
120 337 72 367 138 297 32 101 19 156 115 126 392 481 418 287 193 286 30 175 270 216 
95 209 181 174 46 372 156 115 126 392 481 78 368 
297
405 284 194 315 127 83 233 279 169 320 267 336 396 14 311 92 31 442 41 205 219 
120 337 72 367 138 297 32 101 19 156 115 126 392 481 418 287 193 286 30 175 270 216 
95 209 181 174 46 372 156 115 126 392 481 78 368 
298
406 240 98 281 99 23 107 149 100 61 262 87 40 295 
95 209 181 174 46 372 32 101 19 156 115 126 392 481 78 368 
126 115 156 19 101 32 297 138 158 121 16 67 61 494 278 472 15 164 194 315 127 83 233 150 416 375 328 139 12 75 36 66 153 310 171 
299
52 75 36 66 153 301 183 90 239 118 178 281 98 461 
126 115 156 19 32 101 297 138 158 121 16 67 61 494 278 472 15 164 194 315 127 233 83 150 416 375 328 139 12 75 36 66 153 310 171 
300
222 286 193 287 418 78 368 192 458 237 113 147 369 309 
126 156 19 101 297 138 158 121 16 67 61 494 278 472 15 164 194 315 127 233 150 416 328 139 375 12 75 36 66 153 310 171 
301
39 206 80 41 442 31 92 400 69 163 5 250 382 6 452 197 177 371 190 123 269 184 448 40 265 295 17 145 86 154 214 483 45 493 13 77 57 11 44 423 142 220 113 237 458 180 436 43 247 424 162 110 18 292 129 251 76 93 288 455 380 166 228 
302
307 250 382 6 452 116 177 371 190 123 448 269 184 40 265 295 17 145 86 154 214 483 88 
93 288 455 380 166 228 
303
436 180 458 192 368 78 481 392 115 126 156 19 101 297 138 158 121 16 67 256 
214 483 88 
304
31 442 41 205 219 457 161 276 335 3 231 348 27 71 488 65 327 
156 19 101 297 138 158 121 16 67 256 
305
344 348 3 335 276 325 
306
13 77 57 11 44 423 142 220 113 237 458 
307
221 129 76 93 288 455 380 114 266 273 64 280 
308
210 46 95 191 48 30 64 273 266 114 380 455 
