200
162 26 19 173 58 171 
201
405 8 5 219 
202
406 23 16 295 
58 171 
203
52 7 461 
58 171 
204
222 26 192 309 
205
39 262 173 95 30 228 
206
307 33 88 
207
436 256 
208
31 25 327 
209
344 325 
210
13 4 458 
211
221 14 76 280 
212
210 19 455 
213
398 106 224 332 
214
383 13 281 
215
65 41 5 15 173 95 449 
216
239 173 
217
334 33 5 8 106 
218
454 23 14 6 49 
33 5 8 106 
219
476 227 95 111 
220
194 403 
221
10 4 460 294 
194 403 
222
99 7 329 
223
296 385 
99 7 329 
224
72 14 149 
225
258 18 418 251 67 
226
25 39 55 488 
227
135 15 213 29 349 
228
287 19 16 15 5 161 
229
19 16 58 
287 19 16 15 5 161 
230
274 28 11 368 351 
287 19 16 15 5 161 
231
361 408 
287 19 16 15 5 161 
232
114 26 19 11 238 
233
220 14 7 301 
234
472 46 
235
70 357 86 61 
236
453 16 19 192 
357 13 61 
237
119 301 412 
238
243 74 19 16 7 12 
239
33 187 19 84 215 
74 251 16 7 12 
240
23 7 320 
74 251 16 7 12 
84 215 
241
308 9 
74 251 16 7 12 
7 320 
242
443 6 16 354 
243
112 269 
244
73 143 57 121 
245
240 7 89 
246
348 39 5 15 16 19 26 216 
247
464 84 368 
248
162 26 174 158 90 171 
249
405 15 5 219 
250
406 23 14 295 
15 5 219 
251
52 7 461 
252
222 251 11 309 
7 461 
253
39 5 14 38 95 30 228 
254
307 33 88 
255
436 19 16 256 
256
31 25 327 
436 19 16 256 
257
344 325 
436 19 16 256 
258
13 11 458 
259
221 280 
260
210 30 455 
221 280 
261
398 79 194 332 
262
383 19 173 281 
263
65 39 68 7 38 95 449 
383 19 173 281 
264
239 173 
39 5 15 38 95 449 
265
334 25 29 106 
266
454 7 16 13 49 
29 106 
267
476 111 
7 16 13 49 
268
194 403 
269
10 11 19 294 
270
99 15 329 
10 11 19 294 
271
296 385 
272
72 149 
273
258 192 19 67 
274
25 488 
275
135 5 31 349 
276
287 19 16 15 5 161 
31 349 
277
19 16 58 
278
274 6 16 174 351 
279
361 408 
174 351 
280
114 26 19 11 238 
281
220 19 16 7 301 
282
472 16 46 
283
70 4 11 13 61 
284
453 16 19 192 
285
119 2 7 412 
453 16 19 192 
286
243 78 19 16 7 12 
287
33 187 19 84 215 
243 78 19 16 7 12 
288
23 7 320 
243 78 19 16 7 12 
289
308 9 
243 78 19 16 7 12 
23 7 320 
290
443 13 16 354 
23 7 320 
291
112 269 
292
73 143 57 121 
293
240 7 89 
143 57 121 
294
348 39 382 214 11 19 26 216 
240 7 89 
295
464 84 368 
296
162 26 19 272 239 171 
297
405 15 5 219 
26 19 272 239 171 
298
406 23 15 295 
26 19 272 239 171 
299
52 7 461 
300
222 115 11 309 
301
39 5 15 38 95 30 228 
302
307 33 88 
303
436 34 13 256 
304
31 25 327 
34 11 13 256 
305
344 325 
306
13 11 458 
307
221 26 280 
308
210 30 455 
